?????????? ?????????? ?????????
---------------------------------

?????????? ?????????? ????? (n = 10):
993 204 641 754 413 328 254 580 705 764 

?????????? ????? ????? ?????????? (n=10): ??? = 0.000000 ?, ????????? = 29, ??????????? = 39

????????????? ?????????? ????? (n = 10):
204 254 328 413 580 641 705 754 764 993 

?????????? ?????????? ????? (n = 10):
0 1 2 3 4 5 6 7 8 9 

?????????? ????? (n=10): ??? = 0.000000 ?, ????????? = 9, ??????????? = 18

?????????? ??????? ????? (n = 10):
10 9 8 7 6 5 4 3 2 1 

??????? ????? (n=10): ??? = 0.000000 ?, ????????? = 45, ??????????? = 63

????????????? ??????? ????? (n = 10):
1 2 3 4 5 6 7 8 9 10 

=============================================================

?????????? ?????????? ????? (n = 100):
730 612 937 869 267 300 477 460 951 541 172 609 781 856 371 544 748 90 919 107 867 341 711 368 817 293 469 844 302 752 687 920 193 418 889 388 395 815 149 769 43 434 854 651 980 854 264 94 20 651 428 88 359 508 572 56 12 910 634 382 789 19 597 715 77 416 806 58 85 220 568 199 231 586 663 366 759 704 146 975 806 73 388 17 425 472 711 445 586 342 818 861 453 598 212 940 198 47 953 511 

?????????? ????? ????? ?????????? (n=100): ??? = 0.000000 ?, ????????? = 2771, ??????????? = 2877

????????????? ?????????? ????? (n = 100):
12 17 19 20 43 47 56 58 73 77 85 88 90 94 107 146 149 172 193 198 199 212 220 231 264 267 293 300 302 341 342 359 366 368 371 382 388 388 395 416 418 425 428 434 445 453 460 469 472 477 508 511 541 544 568 572 586 586 597 598 609 612 634 651 651 663 687 704 711 711 715 730 748 752 759 769 781 789 806 806 815 817 818 844 854 854 856 861 867 869 889 910 919 920 937 940 951 953 975 980 

?????????? ?????????? ????? (n = 100):
0 1 2 3 4 5 6 7 8 9 10 11 12 13 14 15 16 17 18 19 20 21 22 23 24 25 26 27 28 29 30 31 32 33 34 35 36 37 38 39 40 41 42 43 44 45 46 47 48 49 50 51 52 53 54 55 56 57 58 59 60 61 62 63 64 65 66 67 68 69 70 71 72 73 74 75 76 77 78 79 80 81 82 83 84 85 86 87 88 89 90 91 92 93 94 95 96 97 98 99 

?????????? ????? (n=100): ??? = 0.000000 ?, ????????? = 99, ??????????? = 198

?????????? ??????? ????? (n = 100):
100 99 98 97 96 95 94 93 92 91 90 89 88 87 86 85 84 83 82 81 80 79 78 77 76 75 74 73 72 71 70 69 68 67 66 65 64 63 62 61 60 59 58 57 56 55 54 53 52 51 50 49 48 47 46 45 44 43 42 41 40 39 38 37 36 35 34 33 32 31 30 29 28 27 26 25 24 23 22 21 20 19 18 17 16 15 14 13 12 11 10 9 8 7 6 5 4 3 2 1 

??????? ????? (n=100): ??? = 0.000000 ?, ????????? = 4950, ??????????? = 5148

????????????? ??????? ????? (n = 100):
1 2 3 4 5 6 7 8 9 10 11 12 13 14 15 16 17 18 19 20 21 22 23 24 25 26 27 28 29 30 31 32 33 34 35 36 37 38 39 40 41 42 43 44 45 46 47 48 49 50 51 52 53 54 55 56 57 58 59 60 61 62 63 64 65 66 67 68 69 70 71 72 73 74 75 76 77 78 79 80 81 82 83 84 85 86 87 88 89 90 91 92 93 94 95 96 97 98 99 100 

=============================================================

?????????? ?????????? ????? (n = 1000):
473 762 342 813 209 869 175 987 381 182 185 483 337 852 340 453 41 962 977 254 35 829 493 825 13 57 252 468 972 23 922 772 143 346 22 987 971 658 456 441 256 648 116 992 676 683 87 653 167 290 553 820 919 883 620 51 637 620 772 641 647 560 488 792 663 228 496 946 412 530 127 816 775 886 387 424 257 999 219 31 979 888 336 181 398 216 950 473 173 327 309 725 535 610 524 452 817 784 597 920 956 637 839 664 546 495 551 10 575 504 352 702 102 844 558 532 465 43 29 725 221 873 735 920 317 92 925 326 70 509 261 456 395 27 494 394 161 732 336 295 958 406 359 935 374 61 162 302 942 854 118 831 829 539 97 577 735 199 540 688 868 485 368 175 584 556 252 949 357 206 341 598 334 345 904 700 316 333 428 773 487 335 580 278 493 261 83 288 135 859 80 666 108 982 436 479 981 47 602 362 388 642 343 87 695 768 674 892 737 570 581 232 586 679 724 482 461 559 790 725 691 968 978 154 439 553 92 79 642 830 520 127 191 123 757 706 401 556 382 335 51 805 717 47 329 349 425 251 126 841 954 641 413 694 690 442 651 174 670 0 917 431 5 670 454 848 408 176 108 397 995 782 732 421 107 666 402 243 577 626 398 634 950 794 139 940 695 978 290 940 842 576 295 955 81 879 778 672 224 600 608 411 506 144 163 692 128 546 791 831 332 806 870 283 563 259 311 580 801 672 347 765 994 921 792 401 30 496 513 500 76 555 989 990 698 565 943 240 100 991 79 482 403 383 119 324 984 953 200 524 1 830 797 751 379 227 560 579 226 267 157 428 476 231 172 261 380 813 122 578 982 311 218 140 990 950 399 877 46 806 910 117 615 987 66 283 360 997 816 263 461 328 260 368 577 598 443 858 616 353 499 34 606 668 688 181 316 722 952 414 220 825 609 510 755 304 489 937 6 511 374 967 392 741 520 352 939 400 924 147 493 112 786 360 981 997 873 21 166 611 465 294 387 795 601 289 251 404 458 105 264 361 348 240 162 268 616 67 993 763 29 465 891 411 447 660 987 315 917 43 275 226 609 231 67 347 486 308 730 839 509 834 484 452 752 301 172 365 907 18 116 57 312 420 948 497 394 389 679 644 868 600 244 334 738 823 955 121 696 928 606 89 394 526 658 767 364 405 614 110 43 133 788 962 619 355 589 82 219 125 986 627 838 84 624 863 187 23 852 605 799 477 319 795 81 699 651 298 863 311 471 817 279 388 664 236 168 352 1 502 34 562 779 677 235 855 528 741 740 902 733 64 891 19 799 292 522 458 39 117 456 981 216 189 159 183 40 417 238 993 622 94 863 284 267 756 371 9 324 753 165 886 983 841 669 890 531 845 118 331 501 841 489 413 880 163 675 269 621 888 709 831 220 49 947 229 602 367 855 145 171 146 374 53 857 288 195 161 261 644 715 661 358 397 601 808 216 530 731 752 983 506 525 922 52 560 276 916 807 630 357 369 718 97 103 301 20 606 598 873 525 580 378 450 105 26 32 869 304 82 519 622 109 46 998 825 630 441 987 288 82 906 455 983 940 941 928 948 311 538 71 570 579 698 156 48 879 511 622 574 479 3 375 224 160 220 504 606 25 974 505 874 501 634 483 563 534 478 713 130 908 140 172 300 542 208 7 928 456 948 43 329 333 174 388 21 167 892 19 759 566 599 396 322 309 566 915 959 755 668 539 641 696 245 295 847 718 549 645 914 787 209 263 119 252 866 324 599 571 935 583 589 372 450 214 400 861 999 53 682 116 632 628 855 669 764 663 730 972 553 996 949 160 15 154 824 873 583 704 660 684 764 68 368 284 825 494 995 450 772 499 819 152 721 726 806 763 921 564 975 728 748 902 635 344 629 885 900 399 990 961 261 529 876 250 336 469 715 219 885 15 805 756 891 425 911 23 340 17 949 653 572 361 823 490 618 443 92 686 234 515 910 277 114 698 310 898 772 120 41 55 892 362 794 88 922 516 643 161 962 648 695 652 786 576 930 264 739 736 522 926 756 704 631 286 515 496 418 914 157 149 882 417 801 475 284 663 976 803 284 994 295 744 783 880 616 564 611 248 654 144 353 270 592 700 834 299 112 99 96 35 244 563 782 401 444 211 827 945 781 150 594 596 549 800 381 257 32 78 108 145 907 995 793 516 143 263 894 147 440 322 553 598 751 323 678 87 540 602 53 230 872 212 334 254 586 256 970 231 272 125 588 645 393 487 360 458 545 714 651 

?????????? ????? ????? ?????????? (n=1000): ??? = 0.001000 ?, ????????? = 247973, ??????????? = 248980

????????????? ?????????? ????? (n = 1000):
0 1 1 3 5 6 7 9 10 13 15 15 17 18 19 19 20 21 21 22 23 23 23 25 26 27 29 29 30 31 32 32 34 34 35 35 39 40 41 41 43 43 43 43 46 46 47 47 48 49 51 51 52 53 53 53 55 57 57 61 64 66 67 67 68 70 71 76 78 79 79 80 81 81 82 82 82 83 84 87 87 87 88 89 92 92 92 94 96 97 97 99 100 102 103 105 105 107 108 108 108 109 110 112 112 114 116 116 116 117 117 118 118 119 119 120 121 122 123 125 125 126 127 127 128 130 133 135 139 140 140 143 143 144 144 145 145 146 147 147 149 150 152 154 154 156 157 157 159 160 160 161 161 161 162 162 163 163 165 166 167 167 168 171 172 172 172 173 174 174 175 175 176 181 181 182 183 185 187 189 191 195 199 200 206 208 209 209 211 212 214 216 216 216 218 219 219 219 220 220 220 221 224 224 226 226 227 228 229 230 231 231 231 232 234 235 236 238 240 240 243 244 244 245 248 250 251 251 252 252 252 254 254 256 256 257 257 259 260 261 261 261 261 261 263 263 263 264 264 267 267 268 269 270 272 275 276 277 278 279 283 283 284 284 284 284 286 288 288 288 289 290 290 292 294 295 295 295 295 298 299 300 301 301 302 304 304 308 309 309 310 311 311 311 311 312 315 316 316 317 319 322 322 323 324 324 324 326 327 328 329 329 331 332 333 333 334 334 334 335 335 336 336 336 337 340 340 341 342 343 344 345 346 347 347 348 349 352 352 352 353 353 355 357 357 358 359 360 360 360 361 361 362 362 364 365 367 368 368 368 369 371 372 374 374 374 375 378 379 380 381 381 382 383 387 387 388 388 388 389 392 393 394 394 394 395 396 397 397 398 398 399 399 400 400 401 401 401 402 403 404 405 406 408 411 411 412 413 413 414 417 417 418 420 421 424 425 425 428 428 431 436 439 440 441 441 442 443 443 444 447 450 450 450 452 452 453 454 455 456 456 456 456 458 458 458 461 461 465 465 465 468 469 471 473 473 475 476 477 478 479 479 482 482 483 483 484 485 486 487 487 488 489 489 490 493 493 493 494 494 495 496 496 496 497 499 499 500 501 501 502 504 504 505 506 506 509 509 510 511 511 513 515 515 516 516 519 520 520 522 522 524 524 525 525 526 528 529 530 530 531 532 534 535 538 539 539 540 540 542 545 546 546 549 549 551 553 553 553 553 555 556 556 558 559 560 560 560 562 563 563 563 564 564 565 566 566 570 570 571 572 574 575 576 576 577 577 577 578 579 579 580 580 580 581 583 583 584 586 586 588 589 589 592 594 596 597 598 598 598 598 599 599 600 600 601 601 602 602 602 605 606 606 606 606 608 609 609 610 611 611 614 615 616 616 616 618 619 620 620 621 622 622 622 624 626 627 628 629 630 630 631 632 634 634 635 637 637 641 641 641 642 642 643 644 644 645 645 647 648 648 651 651 651 652 653 653 654 658 658 660 660 661 663 663 663 664 664 666 666 668 668 669 669 670 670 672 672 674 675 676 677 678 679 679 682 683 684 686 688 688 690 691 692 694 695 695 695 696 696 698 698 698 699 700 700 702 704 704 706 709 713 714 715 715 717 718 718 721 722 724 725 725 725 726 728 730 730 731 732 732 733 735 735 736 737 738 739 740 741 741 744 748 751 751 752 752 753 755 755 756 756 756 757 759 762 763 763 764 764 765 767 768 772 772 772 772 773 775 778 779 781 782 782 783 784 786 786 787 788 790 791 792 792 793 794 794 795 795 797 799 799 800 801 801 803 805 805 806 806 806 807 808 813 813 816 816 817 817 819 820 823 823 824 825 825 825 825 827 829 829 830 830 831 831 831 834 834 838 839 839 841 841 841 842 844 845 847 848 852 852 854 855 855 855 857 858 859 861 863 863 863 866 868 868 869 869 870 872 873 873 873 873 874 876 877 879 879 880 880 882 883 885 885 886 886 888 888 890 891 891 891 892 892 892 894 898 900 902 902 904 906 907 907 908 910 910 911 914 914 915 916 917 917 919 920 920 921 921 922 922 922 924 925 926 928 928 928 930 935 935 937 939 940 940 940 941 942 943 945 946 947 948 948 948 949 949 949 950 950 950 952 953 954 955 955 956 958 959 961 962 962 962 967 968 970 971 972 972 974 975 976 977 978 978 979 981 981 981 982 982 983 983 983 984 986 987 987 987 987 987 989 990 990 990 991 992 993 993 994 994 995 995 995 996 997 997 998 999 999 

?????????? ?????????? ????? (n = 1000):
0 1 2 3 4 5 6 7 8 9 10 11 12 13 14 15 16 17 18 19 20 21 22 23 24 25 26 27 28 29 30 31 32 33 34 35 36 37 38 39 40 41 42 43 44 45 46 47 48 49 50 51 52 53 54 55 56 57 58 59 60 61 62 63 64 65 66 67 68 69 70 71 72 73 74 75 76 77 78 79 80 81 82 83 84 85 86 87 88 89 90 91 92 93 94 95 96 97 98 99 100 101 102 103 104 105 106 107 108 109 110 111 112 113 114 115 116 117 118 119 120 121 122 123 124 125 126 127 128 129 130 131 132 133 134 135 136 137 138 139 140 141 142 143 144 145 146 147 148 149 150 151 152 153 154 155 156 157 158 159 160 161 162 163 164 165 166 167 168 169 170 171 172 173 174 175 176 177 178 179 180 181 182 183 184 185 186 187 188 189 190 191 192 193 194 195 196 197 198 199 200 201 202 203 204 205 206 207 208 209 210 211 212 213 214 215 216 217 218 219 220 221 222 223 224 225 226 227 228 229 230 231 232 233 234 235 236 237 238 239 240 241 242 243 244 245 246 247 248 249 250 251 252 253 254 255 256 257 258 259 260 261 262 263 264 265 266 267 268 269 270 271 272 273 274 275 276 277 278 279 280 281 282 283 284 285 286 287 288 289 290 291 292 293 294 295 296 297 298 299 300 301 302 303 304 305 306 307 308 309 310 311 312 313 314 315 316 317 318 319 320 321 322 323 324 325 326 327 328 329 330 331 332 333 334 335 336 337 338 339 340 341 342 343 344 345 346 347 348 349 350 351 352 353 354 355 356 357 358 359 360 361 362 363 364 365 366 367 368 369 370 371 372 373 374 375 376 377 378 379 380 381 382 383 384 385 386 387 388 389 390 391 392 393 394 395 396 397 398 399 400 401 402 403 404 405 406 407 408 409 410 411 412 413 414 415 416 417 418 419 420 421 422 423 424 425 426 427 428 429 430 431 432 433 434 435 436 437 438 439 440 441 442 443 444 445 446 447 448 449 450 451 452 453 454 455 456 457 458 459 460 461 462 463 464 465 466 467 468 469 470 471 472 473 474 475 476 477 478 479 480 481 482 483 484 485 486 487 488 489 490 491 492 493 494 495 496 497 498 499 500 501 502 503 504 505 506 507 508 509 510 511 512 513 514 515 516 517 518 519 520 521 522 523 524 525 526 527 528 529 530 531 532 533 534 535 536 537 538 539 540 541 542 543 544 545 546 547 548 549 550 551 552 553 554 555 556 557 558 559 560 561 562 563 564 565 566 567 568 569 570 571 572 573 574 575 576 577 578 579 580 581 582 583 584 585 586 587 588 589 590 591 592 593 594 595 596 597 598 599 600 601 602 603 604 605 606 607 608 609 610 611 612 613 614 615 616 617 618 619 620 621 622 623 624 625 626 627 628 629 630 631 632 633 634 635 636 637 638 639 640 641 642 643 644 645 646 647 648 649 650 651 652 653 654 655 656 657 658 659 660 661 662 663 664 665 666 667 668 669 670 671 672 673 674 675 676 677 678 679 680 681 682 683 684 685 686 687 688 689 690 691 692 693 694 695 696 697 698 699 700 701 702 703 704 705 706 707 708 709 710 711 712 713 714 715 716 717 718 719 720 721 722 723 724 725 726 727 728 729 730 731 732 733 734 735 736 737 738 739 740 741 742 743 744 745 746 747 748 749 750 751 752 753 754 755 756 757 758 759 760 761 762 763 764 765 766 767 768 769 770 771 772 773 774 775 776 777 778 779 780 781 782 783 784 785 786 787 788 789 790 791 792 793 794 795 796 797 798 799 800 801 802 803 804 805 806 807 808 809 810 811 812 813 814 815 816 817 818 819 820 821 822 823 824 825 826 827 828 829 830 831 832 833 834 835 836 837 838 839 840 841 842 843 844 845 846 847 848 849 850 851 852 853 854 855 856 857 858 859 860 861 862 863 864 865 866 867 868 869 870 871 872 873 874 875 876 877 878 879 880 881 882 883 884 885 886 887 888 889 890 891 892 893 894 895 896 897 898 899 900 901 902 903 904 905 906 907 908 909 910 911 912 913 914 915 916 917 918 919 920 921 922 923 924 925 926 927 928 929 930 931 932 933 934 935 936 937 938 939 940 941 942 943 944 945 946 947 948 949 950 951 952 953 954 955 956 957 958 959 960 961 962 963 964 965 966 967 968 969 970 971 972 973 974 975 976 977 978 979 980 981 982 983 984 985 986 987 988 989 990 991 992 993 994 995 996 997 998 999 

?????????? ????? (n=1000): ??? = 0.000000 ?, ????????? = 999, ??????????? = 1998

?????????? ??????? ????? (n = 1000):
1000 999 998 997 996 995 994 993 992 991 990 989 988 987 986 985 984 983 982 981 980 979 978 977 976 975 974 973 972 971 970 969 968 967 966 965 964 963 962 961 960 959 958 957 956 955 954 953 952 951 950 949 948 947 946 945 944 943 942 941 940 939 938 937 936 935 934 933 932 931 930 929 928 927 926 925 924 923 922 921 920 919 918 917 916 915 914 913 912 911 910 909 908 907 906 905 904 903 902 901 900 899 898 897 896 895 894 893 892 891 890 889 888 887 886 885 884 883 882 881 880 879 878 877 876 875 874 873 872 871 870 869 868 867 866 865 864 863 862 861 860 859 858 857 856 855 854 853 852 851 850 849 848 847 846 845 844 843 842 841 840 839 838 837 836 835 834 833 832 831 830 829 828 827 826 825 824 823 822 821 820 819 818 817 816 815 814 813 812 811 810 809 808 807 806 805 804 803 802 801 800 799 798 797 796 795 794 793 792 791 790 789 788 787 786 785 784 783 782 781 780 779 778 777 776 775 774 773 772 771 770 769 768 767 766 765 764 763 762 761 760 759 758 757 756 755 754 753 752 751 750 749 748 747 746 745 744 743 742 741 740 739 738 737 736 735 734 733 732 731 730 729 728 727 726 725 724 723 722 721 720 719 718 717 716 715 714 713 712 711 710 709 708 707 706 705 704 703 702 701 700 699 698 697 696 695 694 693 692 691 690 689 688 687 686 685 684 683 682 681 680 679 678 677 676 675 674 673 672 671 670 669 668 667 666 665 664 663 662 661 660 659 658 657 656 655 654 653 652 651 650 649 648 647 646 645 644 643 642 641 640 639 638 637 636 635 634 633 632 631 630 629 628 627 626 625 624 623 622 621 620 619 618 617 616 615 614 613 612 611 610 609 608 607 606 605 604 603 602 601 600 599 598 597 596 595 594 593 592 591 590 589 588 587 586 585 584 583 582 581 580 579 578 577 576 575 574 573 572 571 570 569 568 567 566 565 564 563 562 561 560 559 558 557 556 555 554 553 552 551 550 549 548 547 546 545 544 543 542 541 540 539 538 537 536 535 534 533 532 531 530 529 528 527 526 525 524 523 522 521 520 519 518 517 516 515 514 513 512 511 510 509 508 507 506 505 504 503 502 501 500 499 498 497 496 495 494 493 492 491 490 489 488 487 486 485 484 483 482 481 480 479 478 477 476 475 474 473 472 471 470 469 468 467 466 465 464 463 462 461 460 459 458 457 456 455 454 453 452 451 450 449 448 447 446 445 444 443 442 441 440 439 438 437 436 435 434 433 432 431 430 429 428 427 426 425 424 423 422 421 420 419 418 417 416 415 414 413 412 411 410 409 408 407 406 405 404 403 402 401 400 399 398 397 396 395 394 393 392 391 390 389 388 387 386 385 384 383 382 381 380 379 378 377 376 375 374 373 372 371 370 369 368 367 366 365 364 363 362 361 360 359 358 357 356 355 354 353 352 351 350 349 348 347 346 345 344 343 342 341 340 339 338 337 336 335 334 333 332 331 330 329 328 327 326 325 324 323 322 321 320 319 318 317 316 315 314 313 312 311 310 309 308 307 306 305 304 303 302 301 300 299 298 297 296 295 294 293 292 291 290 289 288 287 286 285 284 283 282 281 280 279 278 277 276 275 274 273 272 271 270 269 268 267 266 265 264 263 262 261 260 259 258 257 256 255 254 253 252 251 250 249 248 247 246 245 244 243 242 241 240 239 238 237 236 235 234 233 232 231 230 229 228 227 226 225 224 223 222 221 220 219 218 217 216 215 214 213 212 211 210 209 208 207 206 205 204 203 202 201 200 199 198 197 196 195 194 193 192 191 190 189 188 187 186 185 184 183 182 181 180 179 178 177 176 175 174 173 172 171 170 169 168 167 166 165 164 163 162 161 160 159 158 157 156 155 154 153 152 151 150 149 148 147 146 145 144 143 142 141 140 139 138 137 136 135 134 133 132 131 130 129 128 127 126 125 124 123 122 121 120 119 118 117 116 115 114 113 112 111 110 109 108 107 106 105 104 103 102 101 100 99 98 97 96 95 94 93 92 91 90 89 88 87 86 85 84 83 82 81 80 79 78 77 76 75 74 73 72 71 70 69 68 67 66 65 64 63 62 61 60 59 58 57 56 55 54 53 52 51 50 49 48 47 46 45 44 43 42 41 40 39 38 37 36 35 34 33 32 31 30 29 28 27 26 25 24 23 22 21 20 19 18 17 16 15 14 13 12 11 10 9 8 7 6 5 4 3 2 1 

??????? ????? (n=1000): ??? = 0.002000 ?, ????????? = 499500, ??????????? = 501498

????????????? ??????? ????? (n = 1000):
1 2 3 4 5 6 7 8 9 10 11 12 13 14 15 16 17 18 19 20 21 22 23 24 25 26 27 28 29 30 31 32 33 34 35 36 37 38 39 40 41 42 43 44 45 46 47 48 49 50 51 52 53 54 55 56 57 58 59 60 61 62 63 64 65 66 67 68 69 70 71 72 73 74 75 76 77 78 79 80 81 82 83 84 85 86 87 88 89 90 91 92 93 94 95 96 97 98 99 100 101 102 103 104 105 106 107 108 109 110 111 112 113 114 115 116 117 118 119 120 121 122 123 124 125 126 127 128 129 130 131 132 133 134 135 136 137 138 139 140 141 142 143 144 145 146 147 148 149 150 151 152 153 154 155 156 157 158 159 160 161 162 163 164 165 166 167 168 169 170 171 172 173 174 175 176 177 178 179 180 181 182 183 184 185 186 187 188 189 190 191 192 193 194 195 196 197 198 199 200 201 202 203 204 205 206 207 208 209 210 211 212 213 214 215 216 217 218 219 220 221 222 223 224 225 226 227 228 229 230 231 232 233 234 235 236 237 238 239 240 241 242 243 244 245 246 247 248 249 250 251 252 253 254 255 256 257 258 259 260 261 262 263 264 265 266 267 268 269 270 271 272 273 274 275 276 277 278 279 280 281 282 283 284 285 286 287 288 289 290 291 292 293 294 295 296 297 298 299 300 301 302 303 304 305 306 307 308 309 310 311 312 313 314 315 316 317 318 319 320 321 322 323 324 325 326 327 328 329 330 331 332 333 334 335 336 337 338 339 340 341 342 343 344 345 346 347 348 349 350 351 352 353 354 355 356 357 358 359 360 361 362 363 364 365 366 367 368 369 370 371 372 373 374 375 376 377 378 379 380 381 382 383 384 385 386 387 388 389 390 391 392 393 394 395 396 397 398 399 400 401 402 403 404 405 406 407 408 409 410 411 412 413 414 415 416 417 418 419 420 421 422 423 424 425 426 427 428 429 430 431 432 433 434 435 436 437 438 439 440 441 442 443 444 445 446 447 448 449 450 451 452 453 454 455 456 457 458 459 460 461 462 463 464 465 466 467 468 469 470 471 472 473 474 475 476 477 478 479 480 481 482 483 484 485 486 487 488 489 490 491 492 493 494 495 496 497 498 499 500 501 502 503 504 505 506 507 508 509 510 511 512 513 514 515 516 517 518 519 520 521 522 523 524 525 526 527 528 529 530 531 532 533 534 535 536 537 538 539 540 541 542 543 544 545 546 547 548 549 550 551 552 553 554 555 556 557 558 559 560 561 562 563 564 565 566 567 568 569 570 571 572 573 574 575 576 577 578 579 580 581 582 583 584 585 586 587 588 589 590 591 592 593 594 595 596 597 598 599 600 601 602 603 604 605 606 607 608 609 610 611 612 613 614 615 616 617 618 619 620 621 622 623 624 625 626 627 628 629 630 631 632 633 634 635 636 637 638 639 640 641 642 643 644 645 646 647 648 649 650 651 652 653 654 655 656 657 658 659 660 661 662 663 664 665 666 667 668 669 670 671 672 673 674 675 676 677 678 679 680 681 682 683 684 685 686 687 688 689 690 691 692 693 694 695 696 697 698 699 700 701 702 703 704 705 706 707 708 709 710 711 712 713 714 715 716 717 718 719 720 721 722 723 724 725 726 727 728 729 730 731 732 733 734 735 736 737 738 739 740 741 742 743 744 745 746 747 748 749 750 751 752 753 754 755 756 757 758 759 760 761 762 763 764 765 766 767 768 769 770 771 772 773 774 775 776 777 778 779 780 781 782 783 784 785 786 787 788 789 790 791 792 793 794 795 796 797 798 799 800 801 802 803 804 805 806 807 808 809 810 811 812 813 814 815 816 817 818 819 820 821 822 823 824 825 826 827 828 829 830 831 832 833 834 835 836 837 838 839 840 841 842 843 844 845 846 847 848 849 850 851 852 853 854 855 856 857 858 859 860 861 862 863 864 865 866 867 868 869 870 871 872 873 874 875 876 877 878 879 880 881 882 883 884 885 886 887 888 889 890 891 892 893 894 895 896 897 898 899 900 901 902 903 904 905 906 907 908 909 910 911 912 913 914 915 916 917 918 919 920 921 922 923 924 925 926 927 928 929 930 931 932 933 934 935 936 937 938 939 940 941 942 943 944 945 946 947 948 949 950 951 952 953 954 955 956 957 958 959 960 961 962 963 964 965 966 967 968 969 970 971 972 973 974 975 976 977 978 979 980 981 982 983 984 985 986 987 988 989 990 991 992 993 994 995 996 997 998 999 1000 

=============================================================

